> an_norm[["scenario_1"]][["quantiles_list"]][["normal"]][[3]]
            w_1       w_2       w_3          mu prec_sigma         tau     theta_1    theta_2   theta_3 theta_diff_21
2.5%  0.0000000 0.0000000 0.0000000 -0.95107539 0.03181188 0.002909422 -0.63748243 -0.2542859 0.4771166   -0.38439638
5%    0.0000000 0.0000000 0.0000000 -0.56937521 0.06142580 0.011800243 -0.49794784  0.0575134 0.8654908   -0.09884019
10%   0.0000000 0.0000000 0.0000000 -0.27842010 0.09881220 0.048933523 -0.26186256  0.3123417 1.1606180    0.01011876
20%   0.0000000 0.0000000 0.0000000  0.04190863 0.19481541 0.174558104 -0.09738071  0.5104840 1.3697403    0.29953564
50%   0.0000000 0.0000000 1.0000000  0.72729320 0.71954855 0.532354999  0.10632375  0.7312475 1.6236274    0.66414130
95%   1.0000000 1.0000000 1.0000000  1.85208138 2.87128935 1.514126451  0.59502253  1.1921713 1.9642298    1.28560153
97.5% 1.0000000 1.0000000 1.0000000  1.91959941 3.70113300 1.654634981  0.73110436  1.3927242 2.0198848    1.47224033
Mean  0.3507463 0.4402985 0.5373134  0.71860463 1.02397471 0.612493390  0.09654403  0.6991002 1.5488712    0.60255621
SD    0.4780965 0.4973517 0.4995386  0.79332213 1.02393299 0.479857185  0.33292092  0.3742409 0.3732600    0.48415606
      theta_diff_32
2.5%   -0.057162202
5%      0.002968107
10%     0.298717114
20%     0.621706301
50%     0.898629013
95%     1.527159913
97.5%   1.652984768
Mean    0.849770928
SD      0.436608359
> an_norm[["scenario_1"]][["quantiles_list"]][["normal"]][[20]]
            w_1       w_2       w_3         mu prec_sigma        tau    theta_1     theta_2   theta_3 theta_diff_21
2.5%  0.0000000 0.0000000 0.0000000 -1.4567435 0.03304973 0.05504844 -0.7311938 -0.13424396 0.4426942   -0.30563034
5%    0.0000000 0.0000000 0.0000000 -1.1892225 0.07705238 0.11186869 -0.6197341 -0.03946696 0.6509976   -0.02656332
10%   0.0000000 0.0000000 0.0000000 -0.8638753 0.14592347 0.17299348 -0.4780793  0.13341712 0.8419654    0.15129931
20%   0.0000000 0.0000000 0.0000000 -0.5747344 0.25376324 0.36874506 -0.3546542  0.28336725 1.0060903    0.35532748
50%   0.0000000 0.0000000 0.0000000  0.2114288 0.81903843 0.70449737 -0.1488173  0.51352652 1.2141833    0.68561187
95%   1.0000000 1.0000000 1.0000000  1.7711751 2.93926923 1.94508779  0.3713881  0.94367087 1.5926050    1.28598362
97.5% 1.0000000 1.0000000 1.0000000  2.0638723 3.37429029 2.05924574  0.5210494  1.10578179 1.6684114    1.58215288
Mean  0.3171642 0.3544776 0.3694030  0.2520303 1.04961349 0.81677875 -0.1496265  0.49582113 1.1786920    0.64544768
SD    0.4662426 0.4792497 0.4835461  0.9288616 0.93177380 0.55601072  0.3390049  0.34418304 0.3405517    0.48099046
      theta_diff_32
2.5%    -0.25174996
5%      -0.03731405
10%      0.17482762
20%      0.41784788
50%      0.71628173
95%      1.28867011
97.5%    1.58815065
Mean     0.68287088
SD       0.44947381
